[ 8.00305012e+01 -6.07472591e+01  9.40358230e-01 -7.04109823e-02
   9.02013976e-02  9.09095445e-01]
[ 7.90467048e+01 -6.36004226e+01  9.40373745e-01 -6.84684960e-02
8.99997601e-02  9.14433187e-01]
[ 7.86407779e+01 -6.06413125e+01  9.40489390e-01 -6.61369658e-02
8.94683784e-02  9.17644156e-01]
[ 7.79944005e+01 -5.42114426e+01  9.40914537e-01 -6.40400786e-02
8.84935151e-02  9.20847386e-01]
[ 7.74901462e+01 -4.63141089e+01  9.40778729e-01 -6.11051479e-02
8.80511731e-02  9.21149942e-01]
[ 7.73615424e+01 -3.77153681e+01  9.40724142e-01 -6.24895423e-02
8.77220538e-02  9.27638480e-01]
[ 7.66615134e+01 -2.38668693e+01  9.40699519e-01 -6.31897143e-02
8.78968307e-02  9.28040998e-01]
[ 7.58372222e+01 -1.09764861e+01  9.40623117e-01 -6.27440948e-02
8.75166861e-02  9.23214295e-01]
[ 7.58489351e+01  5.75393002e-01  9.40472707e-01 -6.24776970e-02
8.74641913e-02  9.23510285e-01]
[ 7.44766682e+01  9.88700398e+00  9.40441997e-01 -5.69858767e-02
8.75723224e-02  9.23298673e-01]
[ 7.43506200e+01  1.61668495e+01  9.39848512e-01 -5.94613078e-02
8.83542363e-02  9.15115530e-01]
[ 7.21904872e+01  1.82615179e+01  9.39856022e-01 -5.98218971e-02
8.84049433e-02  9.16876119e-01]
[ 6.96505628e+01  2.04755645e+01  9.40182199e-01 -5.91575816e-02
8.87839244e-02  9.17306094e-01]
[ 6.79740578e+01  2.24061810e+01  9.40155965e-01 -5.87594532e-02
8.80373055e-02  9.17053686e-01]
[ 6.66307410e+01  2.61291285e+01  9.40312159e-01 -5.77598259e-02
8.75525445e-02  9.14278706e-01]
[ 6.65170150e+01  2.77793644e+01  9.40325175e-01 -5.69328388e-02
8.73470150e-02  9.11542690e-01]
[ 6.66818397e+01  2.65584711e+01  9.40241496e-01 -5.71406982e-02
8.71274284e-02  9.07356708e-01]
[ 6.62553886e+01  2.20500809e+01  9.40306996e-01 -5.81001897e-02
8.73744389e-02  9.05547785e-01]
[ 6.59876324e+01  1.49229327e+01  9.40167947e-01 -5.83936130e-02
8.72684188e-02  9.01553397e-01]
[ 6.50445922e+01  6.39659129e+00  9.40156651e-01 -5.95955962e-02
8.70897343e-02  9.02580806e-01]
[ 6.36564444e+01  1.67761644e-01  9.40215819e-01 -6.05725399e-02
8.72171639e-02  9.08953085e-01]
[ 6.17872102e+01 -1.65323966e+00  9.40071610e-01 -6.24141308e-02
8.73436798e-02  9.10141355e-01]
[ 5.88638349e+01 -2.23960544e+00  9.40199705e-01 -6.31878356e-02
8.75420961e-02  9.10984445e-01]
[ 5.51557146e+01 -2.33062734e+00  9.40206890e-01 -6.74527546e-02
8.80516230e-02  9.14821029e-01]
[ 4.77407398e+01  1.70168009e+00  9.39850275e-01 -7.10033740e-02
8.83055631e-02  9.18061626e-01]
[ 4.06232220e+01  8.33660047e+00  9.39474302e-01 -6.62752526e-02
8.88853847e-02  9.16809668e-01]
[ 3.61181199e+01  1.27324144e+01  9.39385724e-01 -6.64955945e-02
8.85408193e-02  9.07239645e-01]
[ 3.24825685e+01  1.08227412e+01  9.39577825e-01 -6.41305622e-02
8.73928964e-02  9.06202811e-01]
[ 2.94325265e+01  8.57511133e+00  9.39662382e-01 -6.47629583e-02
8.63251456e-02  9.06085143e-01]
[ 2.48891988e+01  5.29142165e+00  9.39632991e-01 -6.17869932e-02
8.52313329e-02  9.02846950e-01]
[ 2.06396687e+01 -1.29251658e+00  9.39763389e-01 -6.24112344e-02
8.53097545e-02  9.00000000e-01]
[ 1.73552140e+01 -9.65094457e+00  9.39760601e-01 -6.17760515e-02
8.54760289e-02  9.05346887e-01]
[ 1.46066541e+01 -1.29934502e+01  9.39885475e-01 -6.03210110e-02
8.59167207e-02  9.08499920e-01]
[ 1.28155152e+01 -1.41711906e+01  9.39927567e-01 -5.63699271e-02
8.49871159e-02  9.07940335e-01]
[ 1.28896583e+01 -1.46417286e+01  9.40001898e-01 -5.67433689e-02
8.49114193e-02  9.13192393e-01]
[ 1.36520655e+01 -1.20876230e+01  9.39870612e-01 -5.67096192e-02
8.49551660e-02  9.10935416e-01]
[ 1.37041700e+01 -1.14913980e+01  9.39828678e-01 -5.46123095e-02
8.46401855e-02  9.10211465e-01]
[ 1.47691444e+01 -1.19659778e+01  9.40150593e-01 -5.65502002e-02
8.53729751e-02  9.11706448e-01]
[ 1.48484544e+01 -1.16242253e+01  9.40378155e-01 -5.72759117e-02
8.58383774e-02  9.13019870e-01]
[ 1.47760643e+01 -1.04676975e+01  9.40184858e-01 -5.80439863e-02
8.65133759e-02  9.16718560e-01]
[ 1.39183820e+01 -6.41544814e+00  9.39949526e-01 -5.86780171e-02
8.67281886e-02  9.18102305e-01]
[ 1.18872918e+01 -1.04317221e+00  9.39991751e-01 -5.68480892e-02
8.70009900e-02  9.18999482e-01]
[ 1.09365291e+01  5.92394314e+00  9.39877344e-01 -5.53919065e-02
8.68050797e-02  9.16736935e-01]
[ 1.18534995e+01  1.12461554e+01  9.39768108e-01 -5.51109848e-02
8.66129279e-02  9.16372063e-01]
[ 1.41262611e+01  1.45788739e+01  9.39543006e-01 -5.34805240e-02
8.65213586e-02  9.15838025e-01]
[ 1.67734917e+01  1.66569271e+01  9.39528006e-01 -5.12746376e-02
8.69719493e-02  9.14577732e-01]
[ 1.96377453e+01  1.76321314e+01  9.39571743e-01 -5.26443553e-02
8.76511623e-02  9.13414797e-01]
[ 2.19936407e+01  1.80353636e+01  9.39658880e-01 -5.63264582e-02
8.86078599e-02  9.10787563e-01]
[ 2.38464251e+01  1.79257380e+01  9.39689707e-01 -5.62119738e-02
8.93247336e-02  9.11071751e-01]
[ 2.50071406e+01  1.81743506e+01  9.39819186e-01 -5.47038800e-02
9.00709744e-02  9.10350333e-01]
[ 2.63654043e+01  1.77339419e+01  9.39557537e-01 -5.36088618e-02
8.99587077e-02  9.09265713e-01]
[ 2.83858610e+01  1.62902331e+01  9.39614583e-01 -5.35233984e-02
8.99790389e-02  9.07529315e-01]
[ 3.07209993e+01  1.45245452e+01  9.39915862e-01 -5.47544457e-02
9.02393577e-02  9.08682303e-01]
[ 3.28195798e+01  1.25331602e+01  9.39912553e-01 -5.47285424e-02
9.04925004e-02  9.08824593e-01]
[ 3.40960528e+01  9.41382279e+00  9.40273369e-01 -5.45926610e-02
8.98983872e-02  9.03041704e-01]
[ 3.57984517e+01 -5.57556052e-01  9.40529726e-01 -5.43244095e-02
8.97107860e-02  9.02865049e-01]
[ 3.84034248e+01 -1.14465727e+01  9.40624184e-01 -5.38856113e-02
8.94545992e-02  9.04299473e-01]
[ 4.11269004e+01 -1.89043444e+01  9.40606629e-01 -5.48947568e-02
8.94626959e-02  9.11132096e-01]
[ 4.25709845e+01 -1.91620691e+01  9.40803099e-01 -5.46646870e-02
8.99634780e-02  9.16522842e-01]
[ 4.38304306e+01 -1.91398621e+01  9.40870590e-01 -5.57954437e-02
9.06065543e-02  9.11264988e-01]
[ 4.59636845e+01 -2.07683429e+01  9.40775862e-01 -5.40127306e-02
9.04350751e-02  9.10327608e-01]
[ 4.91440333e+01 -2.30330360e+01  9.40711522e-01 -5.25959449e-02
9.07303175e-02  9.10617177e-01]
[ 5.24520198e+01 -2.41906452e+01  9.41041621e-01 -5.26685957e-02
9.05951873e-02  9.08760900e-01]
[ 5.51194344e+01 -2.60685299e+01  9.41269256e-01 -5.50546322e-02
9.08226580e-02  9.07795036e-01]
[ 5.71250519e+01 -2.79563001e+01  9.41637812e-01 -5.78294476e-02
9.12300282e-02  9.07125351e-01]
[ 5.76575028e+01 -2.98878839e+01  9.42261494e-01 -5.69433625e-02
9.11371114e-02  9.09079260e-01]
[ 6.00915567e+01 -3.23385510e+01  9.42563119e-01 -6.06627130e-02
9.03539031e-02  9.14252974e-01]
[ 6.13034377e+01 -3.42612228e+01  9.42453979e-01 -6.12954681e-02
9.04708969e-02  9.14604647e-01]
[ 6.24481135e+01 -3.69640224e+01  9.42485081e-01 -6.14530605e-02
9.08824942e-02  9.15386765e-01]
[ 6.24271643e+01 -3.97385286e+01  9.42738303e-01 -6.29858131e-02
9.12834380e-02  9.14437581e-01]
[ 6.12401405e+01 -4.38099610e+01  9.42580464e-01 -6.60024876e-02
9.20262301e-02  9.14426471e-01]
[ 5.83095575e+01 -4.85840792e+01  9.42427473e-01 -7.14459102e-02
9.31006292e-02  9.11807433e-01]
[ 4.72567338e+01 -5.72663035e+01  9.42691831e-01 -7.52314218e-02
9.49326163e-02  9.10770519e-01]
[ 3.86291933e+01 -6.52671561e+01  9.42324025e-01 -7.36835136e-02
9.63059054e-02  9.13447477e-01]
[ 3.53196450e+01 -6.89518270e+01  9.41800792e-01 -7.28768938e-02
9.57507798e-02  9.13762577e-01]
[ 3.11160982e+01 -7.18893800e+01  9.41479179e-01 -7.41362445e-02
9.55744386e-02  9.15410793e-01]
[ 2.61755794e+01 -7.23827356e+01  9.41500566e-01 -7.10579786e-02
9.46938712e-02  9.15599491e-01]
[ 2.28877019e+01 -7.23306396e+01  9.41430117e-01 -6.90428962e-02
9.34981153e-02  9.16375852e-01]
[ 2.09525337e+01 -7.20223885e+01  9.41581924e-01 -6.52761905e-02
9.17909677e-02  9.17075586e-01]
[ 2.06792374e+01 -7.14791314e+01  9.41605009e-01 -6.35609222e-02
9.09780323e-02  9.19393318e-01]
[ 2.18047873e+01 -6.92856005e+01  9.40761229e-01 -6.23877767e-02
9.07199289e-02  9.21171336e-01]
[ 2.20959010e+01 -6.39401698e+01  9.41157371e-01 -6.24232403e-02
8.93433478e-02  9.19263632e-01]
[ 2.27670943e+01 -6.11717642e+01  9.41073345e-01 -5.91722557e-02
8.86063844e-02  9.19292265e-01]
[ 2.50009943e+01 -6.01798826e+01  9.41027491e-01 -5.91691802e-02
8.91063952e-02  9.19276801e-01]
[ 2.74760508e+01 -5.82368569e+01  9.41085050e-01 -6.04406251e-02
8.91175902e-02  9.18898013e-01]
[ 3.02489442e+01 -5.69040616e+01  9.41016630e-01 -5.99586055e-02
8.90991098e-02  9.18074788e-01]
[ 3.37854598e+01 -5.60044229e+01  9.40971861e-01 -5.98925426e-02
8.96094724e-02  9.18070738e-01]
[ 3.76459247e+01 -5.46507719e+01  9.40819259e-01 -5.93775191e-02
8.98097402e-02  9.18487613e-01]
[ 4.30140199e+01 -5.36937847e+01  9.39936794e-01 -6.17857604e-02
9.00274277e-02  9.19564404e-01]
[ 4.67557791e+01 -5.25953203e+01  9.39790498e-01 -6.42200511e-02
9.07803831e-02  9.20118675e-01]
[ 4.93319148e+01 -5.11160123e+01  9.39690857e-01 -6.50758423e-02
9.11514106e-02  9.20926917e-01]
[ 5.09487462e+01 -4.94102379e+01  9.39944292e-01 -6.57371391e-02
9.15185094e-02  9.20935354e-01]
[ 5.24321679e+01 -4.80575235e+01  9.39976497e-01 -6.73269259e-02
9.21232145e-02  9.20015370e-01]
[ 5.27134730e+01 -4.60998591e+01  9.39953815e-01 -6.68935279e-02
9.21346307e-02  9.20298514e-01]
[ 5.35713723e+01 -4.39714612e+01  9.39907577e-01 -7.00792612e-02
9.23404389e-02  9.21146949e-01]
[ 5.34665959e+01 -4.14099077e+01  9.39894276e-01 -7.04243207e-02
9.25830491e-02  9.20726940e-01]
[ 5.32608794e+01 -3.82482929e+01  9.39721096e-01 -7.00085096e-02
9.29989599e-02  9.21043734e-01]
[ 5.32829119e+01 -3.62304291e+01  9.39745857e-01 -6.94118376e-02
9.29899799e-02  9.23139118e-01]
[ 5.44087612e+01 -3.34668387e+01  9.39408783e-01 -7.11379926e-02
9.35781760e-02  9.21525674e-01]
[ 5.41803280e+01 -3.09766752e+01  9.39629781e-01 -7.09078640e-02
9.37578112e-02  9.22526938e-01]
[ 5.40239958e+01 -2.78836403e+01  9.39434271e-01 -7.05749295e-02
9.38323335e-02  9.22604613e-01]
[ 5.50093171e+01 -2.37928212e+01  9.39396823e-01 -6.89801410e-02
9.35090142e-02  9.20912090e-01]
[ 5.68786416e+01 -2.00201952e+01  9.39428887e-01 -6.60892133e-02
9.29213647e-02  9.22184139e-01]
[ 5.97754874e+01 -1.65615946e+01  9.39611184e-01 -6.89071642e-02
9.25701683e-02  9.21606271e-01]
[ 6.16020263e+01 -1.42784193e+01  9.39540455e-01 -6.93135128e-02
9.30669871e-02  9.21061702e-01]
[ 6.21809853e+01 -1.22762774e+01  9.39820687e-01 -6.90509656e-02
9.30441010e-02  9.20856157e-01]
[ 6.28285195e+01 -1.05133795e+01  9.39458618e-01 -6.77963110e-02
9.18467325e-02  9.20448859e-01]
[ 6.41921186e+01 -8.74704856e+00  9.39311841e-01 -6.61931507e-02
9.18857744e-02  9.21719201e-01]
[ 6.63928967e+01 -6.03935886e+00  9.38965183e-01 -6.68605808e-02
9.19946815e-02  9.23041973e-01]
[ 6.73505597e+01 -2.72180589e+00  9.39418185e-01 -6.61123629e-02
9.11942462e-02  9.21979119e-01]
[ 6.81492851e+01 -1.19898033e+00  9.39499282e-01 -6.60395928e-02
9.13438559e-02  9.21201270e-01]
[ 6.84056444e+01 -2.41166967e-01  9.39621394e-01 -6.71714664e-02
9.13873615e-02  9.19496394e-01]
[ 6.83874522e+01  2.25790956e-01  9.39701381e-01 -6.84821985e-02
9.09317541e-02  9.19219310e-01]
[ 6.76388053e+01 -6.09623557e-01  9.40154150e-01 -6.43534529e-02
9.09258639e-02  9.19565130e-01]
[ 6.82720064e+01 -1.99702339e+00  9.40585516e-01 -6.53839203e-02
9.07347685e-02  9.20245666e-01]
[ 6.90123767e+01 -3.96321812e+00  9.40926307e-01 -6.70726818e-02
9.09700177e-02  9.20088752e-01]
[ 6.90225577e+01 -6.93752232e+00  9.40958378e-01 -6.69851639e-02
9.11938490e-02  9.20465981e-01]
[ 6.88422388e+01 -1.11031738e+01  9.40520597e-01 -6.88391282e-02
9.17005100e-02  9.19760686e-01]
[ 6.72442796e+01 -1.55034704e+01  9.40737383e-01 -6.83945995e-02
9.16778353e-02  9.18757539e-01]
[ 6.63322775e+01 -1.99057169e+01  9.40854485e-01 -6.85071779e-02
9.16477607e-02  9.18879820e-01]
[ 6.54635783e+01 -2.41897206e+01  9.41365060e-01 -6.93767589e-02
9.08620167e-02  9.20308999e-01]
[ 6.51680024e+01 -2.72441121e+01  9.41528205e-01 -6.95719366e-02
9.04257736e-02  9.18437198e-01]
[ 6.50482107e+01 -3.01602159e+01  9.41668926e-01 -6.91699216e-02
9.08173374e-02  9.18484408e-01]
[ 6.51139759e+01 -3.23577809e+01  9.41541622e-01 -6.92023870e-02
9.09335011e-02  9.17473980e-01]
[ 6.54432159e+01 -3.50395911e+01  9.41506071e-01 -6.98575419e-02
9.11180311e-02  9.18258184e-01]
[ 6.57136678e+01 -3.74620398e+01  9.41434026e-01 -7.08840719e-02
9.19208606e-02  9.21238222e-01]
[ 6.54322506e+01 -3.76920445e+01  9.41420620e-01 -7.20901998e-02
9.21747996e-02  9.21284634e-01]
[ 6.53008500e+01 -3.77249539e+01  9.41371186e-01 -7.12262240e-02
9.25905343e-02  9.21850676e-01]
[ 6.61736887e+01 -3.75872474e+01  9.41431961e-01 -7.09677820e-02
9.25766045e-02  9.21774299e-01]
[ 6.85232602e+01 -3.78466119e+01  9.40283238e-01 -7.36409558e-02
9.41047218e-02  9.24139277e-01]
[ 6.94534998e+01 -3.63511569e+01  9.40766831e-01 -7.69141159e-02
9.47128440e-02  9.23189759e-01]
[ 6.90426614e+01 -3.49137669e+01  9.40619167e-01 -7.69424608e-02
9.43212863e-02  9.23821998e-01]
[ 6.84444927e+01 -3.53720863e+01  9.40679558e-01 -7.79297251e-02
9.50794110e-02  9.23776916e-01]
[ 6.82134578e+01 -3.53308745e+01  9.40849415e-01 -8.18936389e-02
9.65849944e-02  9.23551521e-01]
[ 6.60314486e+01 -3.42990243e+01  9.40673961e-01 -8.46545323e-02
9.75443376e-02  9.21827220e-01]
[ 6.18767978e+01 -3.46132928e+01  9.40631540e-01 -8.69712208e-02
9.77785866e-02  9.20723571e-01]
[ 5.23584316e+01 -3.65950484e+01  9.39893394e-01 -9.51917261e-02
9.88185236e-02  9.18578721e-01]
[ 4.06531882e+01 -3.98790449e+01  9.39471950e-01 -8.80414133e-02
9.97094377e-02  9.20356627e-01]
[ 3.81820463e+01 -4.18206029e+01  9.39265578e-01 -8.77889032e-02
1.00000000e-01  9.17183580e-01]
[ 3.40319658e+01 -4.54417983e+01  9.39298337e-01 -8.46471563e-02
9.97876844e-02  9.16901090e-01]
[ 3.17434800e+01 -5.01669393e+01  9.39286808e-01 -8.41738479e-02
9.96738022e-02  9.16133600e-01]
[ 3.01471897e+01 -5.57977604e+01  9.39239363e-01 -8.57151650e-02
9.97506558e-02  9.17471992e-01]
[ 2.75336762e+01 -6.05114708e+01  9.39068408e-01 -8.73684118e-02
9.95531357e-02  9.17682600e-01]
[ 2.40715244e+01 -6.50704402e+01  9.39227004e-01 -8.48721123e-02
9.86248609e-02  9.21547626e-01]
[ 2.16889114e+01 -6.71964836e+01  9.39597113e-01 -8.10583939e-02
9.77119201e-02  9.24774575e-01]
[ 2.19270613e+01 -6.69996735e+01  9.39393766e-01 -7.96838874e-02
9.74421150e-02  9.27480894e-01]
[ 2.29167743e+01 -6.54695724e+01  9.38746521e-01 -7.95964210e-02
9.71693321e-02  9.30323051e-01]
[ 2.27959368e+01 -6.38849270e+01  9.38757373e-01 -7.87299903e-02
9.67975514e-02  9.30323051e-01]
[ 2.28310938e+01 -6.39292435e+01  9.39051574e-01 -7.76917245e-02
9.69085823e-02  9.30323051e-01]